%YAML:1.0
---
vocabulary: !!opencv-matrix
   rows: 4
   cols: 128
   dt: f
   data: [ 2.26612244e+01, 1.83285713e+01, 2.47938766e+01,
       1.99183674e+01, 2.44857140e+01, 1.70775509e+01, 1.71204071e+01,
       1.31142855e+01, 2.93775501e+01, 2.21755085e+01, 2.98285694e+01,
       2.58510189e+01, 3.35673447e+01, 2.02632637e+01, 1.82326527e+01,
       1.85551014e+01, 5.06550980e+01, 2.39591827e+01, 1.86367340e+01,
       1.72510204e+01, 3.51653061e+01, 1.94489784e+01, 2.33897953e+01,
       2.96918354e+01, 3.04938755e+01, 1.63102036e+01, 1.23265305e+01,
       1.00367346e+01, 2.05612240e+01, 1.87591820e+01, 2.80999985e+01,
       2.41326523e+01, 2.73530598e+01, 2.35387745e+01, 3.60448952e+01,
       2.37408161e+01, 2.96081619e+01, 2.41040802e+01, 2.38469372e+01,
       1.90673466e+01, 3.85020409e+01, 3.30550995e+01, 5.42469368e+01,
       5.05224457e+01, 5.61550980e+01, 3.21632652e+01, 1.74326515e+01,
       1.31448975e+01, 1.16585709e+02, 4.98857117e+01, 2.87714272e+01,
       1.66530609e+01, 2.17653046e+01, 1.54326525e+01, 2.57571411e+01,
       4.36530609e+01, 3.76122437e+01, 1.26142855e+01, 9.57346916e+00,
       1.50408154e+01, 3.13999977e+01, 3.01326523e+01, 4.39775505e+01,
       2.89081612e+01, 2.44959164e+01, 1.97122440e+01, 2.86530609e+01,
       2.64102020e+01, 3.26938744e+01, 2.13530598e+01, 1.92346935e+01,
       1.87020397e+01, 4.75306091e+01, 1.67591839e+01, 2.43285713e+01,
       3.53530579e+01, 5.86795883e+01, 4.63122444e+01, 3.13510189e+01,
       2.44775505e+01, 1.25255096e+02, 4.39061203e+01, 1.72714272e+01,
       1.13285713e+01, 1.47959175e+01, 1.41020403e+01, 1.96469383e+01,
       4.69836731e+01, 4.22265282e+01, 2.44428558e+01, 2.36367340e+01,
       2.44836731e+01, 3.24979591e+01, 1.83693867e+01, 1.50857134e+01,
       1.48999996e+01, 1.78122444e+01, 1.44489794e+01, 1.76673470e+01,
       2.00448971e+01, 2.60734692e+01, 1.81510201e+01, 2.00816326e+01,
       1.40959177e+01, 3.63408165e+01, 1.83897953e+01, 1.88244896e+01,
       2.27306118e+01, 2.97510185e+01, 2.39734688e+01, 2.52734680e+01,
       2.24755096e+01, 7.34346924e+01, 3.77142830e+01, 2.18469372e+01,
       1.59999990e+01, 1.83959179e+01, 1.40918360e+01, 1.66040802e+01,
       2.79591827e+01, 3.15428562e+01, 2.77061214e+01, 2.71183662e+01,
       1.84897957e+01, 1.70591831e+01, 1.02244892e+01, 1.11081629e+01,
       1.40469379e+01, 2.39907684e+01, 2.15046158e+01, 1.70923080e+01,
       1.35200005e+01, 2.00123081e+01, 8.02769184e+00, 5.40923071e+00,
       7.57846165e+00, 1.12298462e+02, 4.59046173e+01, 1.06276922e+01,
       4.85846138e+00, 6.39692307e+00, 3.01538467e+00, 4.51999998e+00,
       2.48615379e+01, 1.08181541e+02, 2.64769230e+01, 3.27076912e+00,
       2.77230763e+00, 4.81846142e+00, 5.97846174e+00, 1.03599997e+01,
       3.51199989e+01, 2.26184616e+01, 5.67384624e+00, 3.20923066e+00,
       4.96615362e+00, 1.35261536e+01, 1.35507689e+01, 1.39046154e+01,
       1.18953848e+01, 3.32061539e+01, 1.74123077e+01, 1.34707689e+01,
       1.73261547e+01, 2.56369228e+01, 1.28769236e+01, 1.02215385e+01,
       1.25723076e+01, 1.40852310e+02, 4.08153839e+01, 1.01415386e+01,
       6.83076906e+00, 8.60923100e+00, 4.79384613e+00, 5.04307699e+00,
       3.23538475e+01, 1.40224609e+02, 3.31323090e+01, 4.39692307e+00,
       4.48615408e+00, 5.80615377e+00, 5.39384604e+00, 7.68615389e+00,
       3.18584614e+01, 3.05200005e+01, 8.95692348e+00, 5.01846170e+00,
       7.88307714e+00, 1.75169239e+01, 1.42707691e+01, 9.82461548e+00,
       9.92615414e+00, 3.32000008e+01, 1.08338461e+01, 8.05230808e+00,
       1.30953846e+01, 2.39784622e+01, 1.66000004e+01, 1.49292307e+01,
       1.71661530e+01, 1.39763077e+02, 3.19815388e+01, 4.86769247e+00,
       5.59692287e+00, 8.99076939e+00, 6.45538473e+00, 9.35692310e+00,
       4.02830772e+01, 1.41504608e+02, 3.38923073e+01, 7.55076933e+00,
       4.62769222e+00, 4.98769236e+00, 3.92923069e+00, 4.59999990e+00,
       3.20523071e+01, 3.13692303e+01, 1.18676920e+01, 8.42769241e+00,
       9.12307739e+00, 1.72000008e+01, 1.03292303e+01, 6.58769226e+00,
       7.31384611e+00, 2.30061531e+01, 5.70769215e+00, 4.42769241e+00,
       7.84923077e+00, 1.79599991e+01, 1.45261536e+01, 2.05907688e+01,
       2.08092308e+01, 1.15621536e+02, 2.29876919e+01, 3.96615386e+00,
       4.13538456e+00, 7.53230762e+00, 5.33846140e+00, 1.34092312e+01,
       4.52738457e+01, 1.14224617e+02, 3.21015396e+01, 7.96615362e+00,
       3.16923070e+00, 3.61538458e+00, 3.12307692e+00, 5.43692303e+00,
       2.86523075e+01, 2.17015381e+01, 1.40799999e+01, 1.16430769e+01,
       9.11692333e+00, 1.34492311e+01, 6.68923092e+00, 5.01538467e+00,
       5.30153847e+00, 1.85943394e+01, 1.71132069e+01, 2.58301888e+01,
       1.44528303e+01, 1.85566044e+01, 7.00471687e+00, 7.41509438e+00,
       8.45754719e+00, 9.58066025e+01, 3.27122650e+01, 2.17641506e+01,
       6.79716969e+00, 5.99528313e+00, 5.81132078e+00, 7.43396235e+00,
       2.37122650e+01, 9.39245300e+01, 2.14528313e+01, 7.91037750e+00,
       7.53301907e+00, 7.11792469e+00, 7.82547188e+00, 1.78773594e+01,
       3.01367931e+01, 1.76415100e+01, 8.32547188e+00, 6.64622641e+00,
       1.12547169e+01, 1.67311325e+01, 1.58726416e+01, 2.69292450e+01,
       1.33160381e+01, 2.60283031e+01, 1.19575472e+01, 1.21367922e+01,
       1.32452831e+01, 2.40094337e+01, 1.82500000e+01, 3.17924538e+01,
       1.46132078e+01, 1.14429245e+02, 3.17547169e+01, 1.07830191e+01,
       5.93396235e+00, 7.70754719e+00, 1.07264156e+01, 2.59952831e+01,
       3.66650963e+01, 1.08981133e+02, 3.36462288e+01, 3.02641506e+01,
       1.88207550e+01, 1.05377359e+01, 7.96226406e+00, 1.00943394e+01,
       2.70235844e+01, 2.30754719e+01, 1.56839628e+01, 4.34716988e+01,
       2.84339619e+01, 1.97594337e+01, 1.03066044e+01, 7.77358484e+00,
       7.50471687e+00, 1.78584900e+01, 5.26415110e+00, 5.58018875e+00,
       6.51886797e+00, 1.22264156e+01, 2.61462269e+01, 9.18160400e+01,
       4.23632088e+01, 6.58632050e+01, 3.25377350e+01, 3.05471706e+01,
       1.40613213e+01, 2.21367931e+01, 2.75801888e+01, 8.43632126e+01,
       5.69339638e+01, 5.62688675e+01, 4.43207550e+01, 8.80566025e+01,
       4.75141525e+01, 2.62311325e+01, 1.14009438e+01, 2.75518875e+01,
       3.08254719e+01, 1.27216988e+01, 2.97735863e+01, 9.74150925e+01,
       3.92358513e+01, 1.24292450e+01, 5.27358484e+00, 4.25000000e+00,
       4.64622641e+00, 1.82452831e+01, 9.93396282e+00, 1.07924528e+01,
       8.33018875e+00, 1.05047169e+01, 1.16886797e+01, 4.16650963e+01,
       2.44056606e+01, 8.71226406e+00, 1.04339628e+01, 1.88160381e+01,
       1.97688675e+01, 5.15566063e+01, 2.09386787e+01, 3.05141506e+01,
       1.84433956e+01, 1.04103775e+01, 1.59292459e+01, 3.42169800e+01,
       2.46509438e+01, 5.37688675e+01, 1.70896225e+01, 1.42122641e+01,
       1.13962269e+01, 1.47641516e+01, 1.69198112e+01, 3.69009438e+01,
       1.32122641e+01, 1.45377359e+01, 8.85377407e+00, 1.17547169e+01,
       9.87264156e+00, 2.41685905e+01, 2.31685905e+01, 2.74526558e+01,
       1.83025398e+01, 2.15958424e+01, 1.11270208e+01, 1.01478062e+01,
       1.31570435e+01, 4.37551956e+01, 3.01177826e+01, 2.68267899e+01,
       2.12933025e+01, 3.70831413e+01, 1.72170906e+01, 1.72424946e+01,
       2.49284058e+01, 2.65150108e+01, 2.07413387e+01, 2.50484982e+01,
       2.10554276e+01, 3.72471123e+01, 2.45450344e+01, 2.72771358e+01,
       2.31916866e+01, 2.07043877e+01, 1.67367210e+01, 2.07736721e+01,
       1.63972282e+01, 2.39006920e+01, 1.75473442e+01, 2.12147808e+01,
       1.55127020e+01, 3.28660507e+01, 2.63210163e+01, 3.99168587e+01,
       2.81963043e+01, 3.46050797e+01, 1.72540417e+01, 8.93071556e+00,
       1.11593533e+01, 1.15942261e+02, 3.90115471e+01, 2.62424946e+01,
       1.60207844e+01, 2.34295616e+01, 1.96166286e+01, 3.49561195e+01,
       5.95565834e+01, 3.38637428e+01, 1.10069284e+01, 1.26235561e+01,
       2.46281757e+01, 5.71016159e+01, 6.03348732e+01, 6.57806015e+01,
