%YAML:1.0
---
img1: !!opencv-matrix
   rows: 1
   cols: 10
   dt: f
   data: [ 7.74058625e-02, 9.92229581e-02, 1.17453679e-01,
       1.31500304e-01, 6.66467473e-02, 8.60729218e-02, 8.45786035e-02,
       9.80274975e-02, 8.39808732e-02, 1.55110583e-01 ]
