%YAML:1.0
---
vocabulary: !!opencv-matrix
   rows: 10
   cols: 128
   dt: f
   data: [ 1.71640091e+01, 1.47873955e+01, 2.01135139e+01,
       2.51651478e+01, 2.57509480e+01, 1.76761570e+01, 1.60508728e+01,
       1.63754749e+01, 5.68041000e+01, 3.04707661e+01, 2.09206524e+01,
       1.64312820e+01, 1.60299911e+01, 1.42141228e+01, 2.08762341e+01,
       3.21678047e+01, 9.26746368e+01, 3.12668934e+01, 1.04297638e+01,
       6.52999210e+00, 7.55694723e+00, 9.51214886e+00, 2.37334843e+01,
       6.06340141e+01, 3.38268776e+01, 9.69438076e+00, 6.98367500e+00,
       1.10675774e+01, 2.18257389e+01, 1.80649204e+01, 2.83120728e+01,
       3.99631729e+01, 2.04495049e+01, 1.18921785e+01, 1.23158693e+01,
       1.74559593e+01, 2.39627934e+01, 3.21195908e+01, 3.62536049e+01,
       2.99206524e+01, 6.92315826e+01, 2.96511002e+01, 1.89578590e+01,
       1.57623377e+01, 2.26165524e+01, 3.67991638e+01, 3.38223228e+01,
       3.28189049e+01, 1.30895218e+02, 4.95280914e+01, 8.29346943e+00,
       4.92179155e+00, 6.82725859e+00, 7.59643126e+00, 1.38694000e+01,
       5.48458595e+01, 4.51826096e+01, 1.36230068e+01, 9.84206486e+00,
       2.00269547e+01, 3.05413799e+01, 2.15368252e+01, 2.19066048e+01,
       2.76636276e+01, 2.27209568e+01, 1.21655273e+01, 8.90926361e+00,
       9.52581596e+00, 1.47008343e+01, 3.16495819e+01, 5.37585411e+01,
       4.47824593e+01, 3.37798004e+01, 8.96165466e+00, 6.24487448e+00,
       7.96051598e+00, 1.80653000e+01, 5.56351547e+01, 8.50998459e+01,
       6.50770645e+01, 1.15947227e+02, 3.28435822e+01, 1.17710705e+01,
       8.76461601e+00, 8.26081944e+00, 1.27630978e+01, 3.67308273e+01,
       8.25842819e+01, 3.77262688e+01, 2.60246773e+01, 2.49593773e+01,
       2.76260433e+01, 2.69506435e+01, 1.40546694e+01, 9.79840469e+00,
       1.61321182e+01, 2.34415321e+01, 1.71985569e+01, 1.45922546e+01,
       9.58428192e+00, 1.02532263e+01, 1.52684126e+01, 3.13075161e+01,
       3.45656776e+01, 2.64123001e+01, 1.83067570e+01, 1.79233093e+01,
       1.43694000e+01, 1.40493546e+01, 2.11135139e+01, 3.96283188e+01,
       4.23883820e+01, 3.81085777e+01, 2.34943047e+01, 1.93838253e+01,
       1.84825363e+01, 1.61829910e+01, 1.46059217e+01, 2.59062252e+01,
       3.74362183e+01, 2.24422932e+01, 2.12372818e+01, 2.09950638e+01,
       1.97524662e+01, 1.93143501e+01, 1.18435831e+01, 1.34935455e+01,
       1.61655273e+01, 2.35160866e+01, 8.21361351e+00, 6.55832815e+00,
       6.22171164e+00, 8.81724644e+00, 4.27467728e+00, 4.60341454e+00,
       5.69752693e+00, 1.28178375e+02, 2.35926895e+01, 4.74677181e+00,
       2.63887072e+00, 3.23177934e+00, 2.13460279e+00, 3.76493764e+00,
       2.19531631e+01, 1.48952942e+02, 2.20558109e+01, 2.15780258e+00,
       2.04049039e+00, 4.82009220e+00, 2.68548918e+00, 4.80170727e+00,
       3.70757294e+01, 3.41297874e+01, 6.35609531e+00, 3.39549136e+00,
       6.17968941e+00, 1.85793400e+01, 8.25213432e+00, 9.09104824e+00,
       1.45799961e+01, 3.18144016e+01, 8.82884693e+00, 6.39965010e+00,
       6.14467049e+00, 1.02930622e+01, 5.25497913e+00, 4.98205328e+00,
       7.56379986e+00, 1.48858841e+02, 2.29301815e+01, 4.62924051e+00,
       3.41278195e+00, 4.37951422e+00, 2.87612176e+00, 3.46662307e+00,
       2.44432049e+01, 1.60385208e+02, 2.72184296e+01, 2.59772372e+00,
       3.28890347e+00, 6.07857323e+00, 2.74173784e+00, 3.65112734e+00,
       3.00906105e+01, 4.19496613e+01, 8.55001068e+00, 4.85664272e+00,
       9.25497913e+00, 2.31054935e+01, 8.81068039e+00, 7.13657284e+00,
       1.15222149e+01, 3.21022110e+01, 8.94966125e+00, 5.58678055e+00,
       4.82906532e+00, 9.91376686e+00, 5.75421333e+00, 6.07288265e+00,
       7.86080122e+00, 1.49746780e+02, 2.53153858e+01, 3.68067408e+00,
       2.99212098e+00, 4.37185383e+00, 3.36463118e+00, 4.36069155e+00,
       2.24024963e+01, 1.59347778e+02, 2.95222149e+01, 4.53906775e+00,
       4.05975056e+00, 6.37951422e+00, 2.34274459e+00, 2.17531180e+00,
       2.82825565e+01, 4.17163506e+01, 1.13501863e+01, 7.63318014e+00,
       1.10170717e+01, 2.29717674e+01, 6.74130011e+00, 4.41825342e+00,
       9.29174900e+00, 2.43475609e+01, 6.80258274e+00, 4.64893866e+00,
       3.82162404e+00, 8.65419102e+00, 5.77938271e+00, 6.93412161e+00,
       7.84920120e+00, 1.30576065e+02, 2.27765388e+01, 3.68264389e+00,
       2.35128045e+00, 3.30422425e+00, 2.30925798e+00, 4.63361788e+00,
       2.51346035e+01, 1.45520905e+02, 3.64963875e+01, 5.27226973e+00,
       3.22805882e+00, 5.04968262e+00, 1.76012254e+00, 2.43247986e+00,
       2.36636028e+01, 3.27423935e+01, 1.41190634e+01, 8.60056877e+00,
       9.17159176e+00, 1.79616985e+01, 5.06894302e+00, 3.57977676e+00,
       7.76537561e+00, 1.56423540e+01, 2.64995785e+01, 4.53370895e+01,
       3.88896103e+01, 2.16629124e+01, 1.33458185e+01, 1.16975498e+01,
       1.29971838e+01, 2.58104763e+01, 3.91103935e+01, 4.67274017e+01,
       3.57192345e+01, 2.02666855e+01, 1.50650520e+01, 1.67910442e+01,
       1.91996632e+01, 2.47031822e+01, 2.83275146e+01, 3.42328911e+01,
       2.71655884e+01, 1.97611942e+01, 2.00002823e+01, 2.50368919e+01,
       2.39036884e+01, 2.44015770e+01, 2.37288094e+01, 2.58555336e+01,
       1.75640659e+01, 1.35018311e+01, 1.61005344e+01, 2.17257118e+01,
       2.24193192e+01, 2.54432564e+01, 2.69380455e+01, 4.64787407e+01,
       5.66302452e+01, 4.11855812e+01, 2.18422985e+01, 1.09442415e+01,
       1.07803440e+01, 1.09152069e+02, 4.90515366e+01, 3.03798943e+01,
       2.13055477e+01, 1.28172350e+01, 1.35649118e+01, 2.60247822e+01,
       5.58054085e+01, 3.72478180e+01, 1.66792450e+01, 1.68690510e+01,
       2.39208679e+01, 3.56102524e+01, 4.91286964e+01, 5.19808502e+01,
       4.05164757e+01, 3.20574493e+01, 2.47628841e+01, 2.07389469e+01,
       1.63151226e+01, 1.72393703e+01, 2.21796684e+01, 3.15336533e+01,
       3.39971848e+01, 2.89346657e+01, 1.06820612e+01, 1.21838923e+01,
       2.84328365e+01, 4.41881180e+01, 4.77741470e+01, 3.95871582e+01,
       2.85939178e+01, 1.18392006e+02, 4.41148987e+01, 1.31593914e+01,
       9.98085022e+00, 1.19352293e+01, 1.74474792e+01, 2.58270912e+01,
       5.94652214e+01, 5.04877510e+01, 2.56769924e+01, 2.35099983e+01,
       3.28284988e+01, 3.80608292e+01, 3.51160240e+01, 2.62371159e+01,
       2.53348351e+01, 3.10290070e+01, 1.79923973e+01, 1.38465223e+01,
       1.63455372e+01, 1.95302734e+01, 2.36339054e+01, 2.97569695e+01,
       3.39324150e+01, 1.91413689e+01, 9.78963661e+00, 7.95860338e+00,
       1.19464941e+01, 2.42134609e+01, 3.54581795e+01, 4.42483826e+01,
       3.57119141e+01, 5.06530571e+01, 1.94646587e+01, 1.04100256e+01,
       9.58884811e+00, 1.46876936e+01, 2.43779221e+01, 4.35313988e+01,
       5.78116035e+01, 3.33562393e+01, 2.05254860e+01, 1.64134045e+01,
       1.64742336e+01, 1.85378761e+01, 2.26282749e+01, 3.05685730e+01,
       3.33016052e+01, 1.96198254e+01, 1.43874969e+01, 1.52920303e+01,
       1.68777809e+01, 1.73813019e+01, 1.82289505e+01, 2.41999435e+01,
       2.35598431e+01, 3.36763077e+01, 1.96187019e+01, 1.19516201e+01,
       1.75129662e+01, 3.05990009e+01, 1.35411463e+01, 7.55186987e+00,
       1.28092260e+01, 8.30902710e+01, 3.01985035e+01, 9.76334095e+00,
       1.15718203e+01, 1.98311710e+01, 1.31750622e+01, 1.41758099e+01,
       3.57947617e+01, 3.38812943e+01, 1.35067329e+01, 9.66583538e+00,
       2.61960087e+01, 6.28039894e+01, 3.06209469e+01, 1.63206978e+01,
       1.99725685e+01, 2.86187019e+01, 1.65224438e+01, 1.09551115e+01,
       2.03817940e+01, 3.81503716e+01, 1.73695755e+01, 9.12817955e+00,
       1.33775558e+01, 4.54012451e+01, 1.88875313e+01, 1.17700748e+01,
       2.31054859e+01, 4.33473816e+01, 1.96441383e+01, 7.75112200e+00,
       1.39236898e+01, 1.29992767e+02, 3.04124680e+01, 6.31271791e+00,
       9.96334171e+00, 2.22778053e+01, 1.73162098e+01, 1.65286770e+01,
       5.29765549e+01, 4.21526184e+01, 9.55211926e+00, 7.12942600e+00,
       3.78880272e+01, 1.07950623e+02, 6.07860336e+01, 2.02511215e+01,
